Techniques=ColorMatrix@ColorMatrix.fx,LumaSharpen@LumaSharpen.fx,LiftGammaGain@LiftGammaGain.fx,Levels@Levels.fx,FilmGrain@FilmGrain.fx
TechniqueSorting=ColorMatrix@ColorMatrix.fx,LumaSharpen@LumaSharpen.fx,LiftGammaGain@LiftGammaGain.fx,Levels@Levels.fx,FilmGrain@FilmGrain.fx

[ColorMatrix.fx]
ColorMatrix_Blue=0.150000,0.150000,0.150000
ColorMatrix_Green=0.500000,0.500000,0.500000
ColorMatrix_Red=0.100000,0.100000,0.100000
Strength=1.000000

[DPX.fx]
Colorfulness=2.000001
Contrast=0.000000
RGB_C=0.200000,0.200000,0.200000
RGB_Curve=12.500000,12.500000,12.500000
Saturation=3.000000
Strength=0.100000

[FilmGrain.fx]
Intensity=0.375000
Mean=0.250000
SignalToNoiseRatio=0
Variance=0.450000

[Levels.fx]
BlackPoint=100
HighlightClipping=0
WhitePoint=255

[LiftGammaGain.fx]
RGB_Gain=1.500003,1.500003,1.500003
RGB_Gamma=1.450011,1.450011,1.450011
RGB_Lift=1.400018,1.400018,1.400018

[LumaSharpen.fx]
offset_bias=3.000003
pattern=2
sharp_clamp=0.250000
sharp_strength=1.500000
show_sharpen=0

[Splitscreen.fx]
splitscreen_mode=1

