Techniques=LumaSharpen@LumaSharpen.fx,DPX@DPX.fx,LiftGammaGain@LiftGammaGain.fx,Levels@Levels.fx
TechniqueSorting=LumaSharpen@LumaSharpen.fx,DPX@DPX.fx,LiftGammaGain@LiftGammaGain.fx,Levels@Levels.fx

[DPX.fx]
Colorfulness=2.500000
Contrast=0.000000
RGB_C=0.350000,0.350000,0.350000
RGB_Curve=12.499990,12.499990,12.499990
Saturation=2.500000
Strength=0.250000

[Levels.fx]
BlackPoint=45
HighlightClipping=0
WhitePoint=255

[LiftGammaGain.fx]
RGB_Gain=1.350002,1.350002,1.350002
RGB_Gamma=1.250006,1.250006,1.250006
RGB_Lift=1.150014,1.150014,1.150014

[LumaSharpen.fx]
offset_bias=1.499999
pattern=2
sharp_clamp=0.250000
sharp_strength=1.250002
show_sharpen=0

[Splitscreen.fx]
splitscreen_mode=1

[Tonemap.fx]
Bleach=0.000000
Defog=0.015000
Exposure=0.000000
FogColor=1.000000,1.000000,1.000000
Gamma=1.000000
Saturation=0.000000

