Techniques=LumaSharpen@LumaSharpen.fx,DPX@DPX.fx,LiftGammaGain@LiftGammaGain.fx,Levels@Levels.fx
TechniqueSorting=LumaSharpen@LumaSharpen.fx,DPX@DPX.fx,LiftGammaGain@LiftGammaGain.fx,Levels@Levels.fx

[AdvancedAutoHDR.fx]
AUTO_HDR_MAX_NITS=1000.000000
AUTO_HDR_METHOD=1
AUTO_HDR_SHOULDER_POW=2.500000
AUTO_HDR_SHOULDER_START_ALPHA=1.000000
BLACK_FLOOR_LUMINANCE=0.020000
EXTRA_HDR_SATURATION=1.000000
HDR_MAX_NITS=1000.000000
HIGHLIGHTS_SHOULDER_POW=1.000000
HIGHLIGHTS_SHOULDER_START_ALPHA=0.500000
INVERSE_TONEMAP_METHOD=1
IN_COLOR_SPACE=4
OUT_COLOR_SPACE=1
OVERBRIGHT_PIXELS_BEHAVIOUR=0
SDR_WHITEPOINT_NITS=80.000000
SHADOW_TUNING=0.750000
TONEMAPPER_WHITE_POINT=1.500000

[Curves.fx]
Contrast=0.650000
Formula=4
Mode=0

[DPX.fx]
Colorfulness=2.500000
Contrast=0.000000
RGB_C=0.349999,0.349999,0.349999
RGB_Curve=12.499990,12.499990,12.499990
Saturation=2.500000
Strength=0.200000

[Layer.fx]
Layer_Blend=1.000000
Layer_Pos=0.500000,0.500000
Layer_Scale=1.000000

[Levels.fx]
BlackPoint=15
HighlightClipping=0
WhitePoint=255

[LiftGammaGain.fx]
RGB_Gain=1.199999,1.199999,1.199999
RGB_Gamma=1.100002,1.100002,1.100002
RGB_Lift=1.000007,1.000007,1.000007

[LumaSharpen.fx]
offset_bias=1.500000
pattern=2
sharp_clamp=0.250000
sharp_strength=0.750001
show_sharpen=0

[Splitscreen.fx]
splitscreen_mode=1

[Tonemap.fx]
Bleach=0.000000
Defog=0.010000
Exposure=0.000000
FogColor=1.000000,1.000000,1.000000
Gamma=1.000000
Saturation=0.000000

